0,1,2,3,4,5,6,7,8,9,10,11,12,13
0.001488114,0.310497232,0.145105029,0.001488105,0.001488108,0.001488107,0.001488104,0.087073042,0.305570976,0.001488103,0.138360777,0.001488096,0.0014881,0.001488106
0.000637758,0.203481735,0.000637757,0.087584095,0.047987737,0.00063776,0.044977516,0.48258341,0.000637763,0.128283437,0.000637757,0.00063776,0.000637757,0.000637757
0.299957175,0.269854996,0.000296385,0.000296386,0.289916355,0.035449551,0.025799948,0.01403356,0.000296386,0.006402013,0.018204718,0.000296385,0.000296388,0.038899756
0.00145773,0.001457735,0.001457734,0.901082983,0.00145775,0.001457732,0.001457728,0.001457728,0.00145773,0.02970489,0.001457726,0.001457726,0.001457731,0.053177075
0.001322753,0.087832625,0.001322752,0.001322753,0.001322755,0.715209087,0.001322753,0.001322753,0.182408001,0.001322753,0.001322753,0.001322752,0.001322752,0.001322758
0.002100862,0.002100856,0.069888955,0.002100854,0.002100852,0.002100849,0.22452173,0.002100854,0.002100849,0.682479938,0.002100842,0.002100842,0.002100848,0.002100869
0.140072429,0.409796551,0.00037793,0.011702964,0.037851727,0.00037793,0.020219405,0.000377931,0.00037793,0.000377929,0.00037793,0.000377929,0.357959224,0.019752189
0.001785722,0.00178572,0.001785715,0.001785717,0.446998291,0.001785728,0.00178572,0.001785718,0.051162724,0.001785715,0.001785716,0.48219608,0.001785717,0.001785717
0.026643967,0.035393423,0.000259741,0.018695917,0.185535994,0.000259741,0.000259742,0.107039339,0.058962978,0.000259741,0.007986488,0.000259742,0.000259741,0.558183445
0.001373641,0.195365818,0.001373629,0.037945671,0.001373628,0.074320227,0.001373632,0.022785025,0.00137363,0.00137363,0.024406718,0.001373628,0.63418749,0.001373632
0.001253136,0.264007803,0.001253141,0.038668991,0.001253138,0.097802195,0.109697906,0.119307607,0.061721186,0.129844236,0.00125314,0.001253134,0.17143125,0.001253137
0.001231528,0.001231531,0.001231531,0.001231529,0.783031728,0.001231534,0.001231533,0.001231532,0.202189897,0.001231529,0.001231538,0.001231529,0.001231529,0.001231533
0.001623393,0.609742547,0.001623382,0.159595949,0.001623383,0.064482456,0.149945237,0.001623378,0.001623378,0.001623379,0.001623377,0.00162338,0.001623378,0.001623383
0.000381973,0.055591513,0.000381974,0.000381972,0.090919998,0.069338269,0.000381974,0.213036794,0.026708753,0.052195486,0.48372873,0.00618862,0.000381972,0.000381974
0.164478154,0.150987555,0.000643503,0.000643503,0.000643505,0.000643503,0.000643509,0.000643503,0.000643503,0.000643505,0.000643501,0.000643501,0.480539447,0.197559807
0.061642769,0.749410551,0.001831503,0.001831507,0.001831504,0.001831513,0.001831504,0.001831503,0.058779688,0.001831506,0.001831502,0.001831502,0.111851942,0.001831507
0.001519758,0.001519762,0.720450143,0.026838262,0.00151976,0.00151976,0.235994226,0.001519769,0.001519764,0.001519761,0.001519758,0.001519759,0.001519759,0.001519759
0.078891282,0.005102045,0.005102042,0.005102042,0.005102047,0.005102054,0.005102048,0.005102043,0.00510205,0.005102044,0.005102073,0.859884146,0.005102042,0.005102041
0.006493522,0.006493514,0.006493509,0.006493517,0.195692814,0.006493509,0.006493512,0.006493511,0.006493512,0.006493513,0.006493556,0.726384997,0.006493508,0.006493507
0.028857207,0.432499743,0.000307884,0.159429865,0.000307883,0.000307884,0.000307884,0.008542059,0.085195756,0.032705508,0.000307882,0.00941967,0.225841661,0.015969114
0.048519647,0.06836872,0.654933387,0.000298865,0.04336486,0.000298865,0.011825663,0.042281871,0.050613496,0.016780368,0.000298865,0.000298864,0.029271848,0.032844682
0.000394634,0.296070268,0.000394634,0.067159456,0.000394637,0.000394635,0.030386221,0.000394637,0.074688614,0.000394634,0.000394634,0.000394635,0.528143726,0.000394635
0.046570419,0.001552801,0.64486733,0.042523633,0.001552804,0.0015528,0.001552805,0.162209804,0.001552801,0.001552806,0.001552799,0.001552795,0.001552804,0.089853599
0.001742187,0.001742181,0.088722273,0.001742173,0.00174217,0.843204834,0.001742166,0.001742166,0.048909003,0.001742167,0.001742178,0.001742162,0.001742168,0.001742171
0.105578457,0.032749813,0.001785717,0.19472768,0.03895663,0.001785719,0.001785717,0.184847914,0.237016482,0.001785763,0.001785743,0.193622911,0.001785721,0.001785734
0.001373637,0.001373631,0.001373628,0.001373633,0.00137363,0.7932958,0.021734618,0.070966056,0.001373661,0.001373632,0.100267174,0.001373633,0.001373635,0.001373633
0.002100844,0.002100848,0.002100848,0.451366132,0.002100848,0.071520207,0.002100848,0.126995554,0.00210085,0.002100859,0.002100842,0.00210084,0.257584208,0.073626272
0.004761905,0.004761905,0.00476202,0.004761905,0.004761907,0.004761905,0.004761905,0.004761907,0.004761905,0.004761905,0.801383901,0.004761906,0.004761907,0.141473118
0.639910569,0.001831504,0.001831505,0.001831504,0.001831507,0.001831517,0.153608942,0.001831507,0.001831504,0.001831509,0.136772201,0.051393223,0.001831504,0.001831504
0.061354805,0.312263419,0.001231528,0.290588765,0.001231531,0.001231532,0.00123153,0.001231528,0.001231529,0.053132512,0.190583752,0.001231529,0.082224511,0.001231528
0.285893843,0.001322754,0.001322757,0.001322754,0.698233098,0.001322754,0.001322756,0.001322762,0.001322756,0.001322755,0.001322752,0.001322752,0.001322753,0.001322755
0.002380958,0.002380956,0.002380954,0.056204562,0.604499407,0.228610231,0.086876215,0.00238096,0.002380958,0.002380955,0.00238097,0.002380953,0.00238096,0.002380961
0.111873677,0.871642785,0.001373627,0.001373631,0.001373627,0.00137363,0.001373628,0.001373627,0.00137363,0.001373627,0.001373626,0.001373627,0.001373629,0.001373629
0.000811694,0.074835694,0.6519013,0.000811689,0.047714471,0.00081169,0.000811695,0.015123105,0.000811689,0.013484461,0.00081169,0.000811689,0.129585571,0.061673562
0.002040817,0.002040819,0.002040819,0.07044588,0.002040818,0.002040819,0.002040817,0.002040834,0.816530705,0.002040818,0.002040825,0.002040817,0.090574395,0.002040817
0.150042821,0.081064749,0.001623385,0.001623384,0.259671338,0.001623384,0.001623387,0.001623383,0.070075814,0.424534783,0.001623383,0.001623395,0.00162339,0.001623404
0.838747541,0.001322756,0.001322755,0.001322757,0.00132276,0.001322755,0.001322754,0.001322753,0.145379384,0.001322752,0.001322756,0.001322752,0.00132276,0.001322765
0.000311917,0.119384198,0.000311916,0.000311916,0.000311916,0.316262632,0.014207773,0.000311917,0.202724439,0.000311916,0.000311917,0.000311916,0.000311916,0.344613711
0.38863587,0.001231537,0.001231528,0.200736543,0.001231528,0.001231531,0.087009777,0.036071097,0.001231536,0.001231529,0.001231527,0.06224045,0.001231533,0.215454013
0.00056243,0.000562431,0.00056243,0.00056243,0.000562431,0.449549146,0.000562431,0.00056243,0.543701686,0.00056243,0.00056243,0.00056243,0.000562431,0.000562432
0.001785717,0.001785717,0.001785716,0.001785721,0.001785727,0.035283861,0.098047579,0.001785723,0.001785718,0.001785716,0.847025617,0.001785736,0.001785723,0.001785729
0.000655311,0.212665073,0.000655313,0.559458901,0.000655312,0.000655312,0.000655311,0.016869134,0.147633604,0.000655315,0.000655314,0.000655309,0.000655311,0.057475479
0.001661132,0.001661131,0.286709188,0.001661135,0.001661133,0.001661132,0.001661138,0.001661137,0.031574957,0.576559057,0.001661132,0.00166113,0.001661131,0.088545467
0.002463057,0.002463062,0.002463073,0.002463057,0.00246307,0.002463066,0.002463063,0.002463077,0.806415032,0.002463059,0.164028156,0.002463054,0.002463095,0.002463078
0.002232145,0.002232157,0.47461383,0.002232155,0.002232161,0.002232147,0.224494319,0.002232163,0.236867475,0.041702867,0.002232144,0.002232145,0.002232144,0.00223215
0.000768052,0.559304405,0.000768054,0.000768054,0.000768052,0.240959924,0.02271325,0.000768051,0.139291948,0.000768063,0.00076805,0.030817994,0.000768054,0.000768051
0.001400562,0.001400564,0.001400561,0.001400565,0.001400561,0.001400564,0.646655334,0.001400568,0.336537894,0.001400564,0.00140056,0.001400568,0.001400567,0.001400568
0.428863264,0.001700685,0.001700686,0.001700683,0.001700683,0.001700683,0.410128511,0.068704178,0.001700682,0.001700686,0.075297204,0.001700686,0.001700684,0.001700683
0.005952384,0.005952384,0.331496761,0.005952385,0.005952392,0.005952384,0.005952383,0.005952389,0.005952384,0.005952384,0.005952438,0.597074563,0.005952382,0.005952386
0.002747253,0.002747253,0.002747253,0.002747253,0.002747256,0.002747254,0.002747253,0.002747255,0.002747254,0.002747253,0.845885879,0.121147076,0.002747254,0.002747254
0.007629495,0.00042772,0.000427721,0.195166364,0.009982155,0.008048122,0.037523035,0.000427718,0.207983603,0.000427717,0.000427718,0.000427716,0.530673197,0.000427718
0.002164508,0.002164505,0.002164536,0.002164503,0.829090005,0.002164506,0.002164508,0.002164512,0.144935877,0.002164516,0.002164508,0.002164502,0.002164505,0.002164509
0.000965253,0.248193139,0.000965255,0.000965256,0.000965254,0.000965255,0.000965253,0.000965252,0.740223817,0.000965254,0.000965251,0.000965253,0.000965253,0.000965254
0.005102041,0.005102046,0.005102041,0.005102049,0.005102045,0.005102045,0.005102041,0.005102041,0.005102046,0.005102041,0.005102072,0.717272871,0.005102042,0.221502578
0.499762588,0.097983267,0.003571442,0.003571435,0.36296836,0.003571429,0.003571437,0.003571439,0.003571436,0.003571429,0.003571431,0.00357143,0.00357143,0.003571448
0.001231543,0.343411279,0.001231533,0.046711434,0.109871164,0.089017467,0.001231529,0.001231538,0.210398702,0.001231529,0.001231528,0.018807297,0.001231529,0.173161929
0.094598868,0.544218474,0.001552804,0.060940522,0.001552804,0.001552797,0.001552798,0.001552802,0.001552798,0.001552798,0.001552796,0.257804829,0.001552799,0.028462112
0.005952381,0.005952381,0.005952382,0.005952383,0.099597476,0.005952391,0.005952381,0.005952381,0.090702757,0.089637832,0.005952427,0.660538064,0.005952383,0.005952381
0.001831502,0.001831505,0.040564515,0.001831502,0.05280776,0.001831503,0.001831504,0.001831503,0.001831504,0.001831513,0.759366918,0.128945765,0.001831503,0.001831502
0.054790452,0.119170379,0.328641432,0.276650062,0.057716922,0.054691753,0.034184365,0.000525213,0.000525214,0.000525213,0.000525212,0.000525219,0.000525213,0.071003353
0.000728863,0.000728863,0.000728864,0.081338511,0.00072887,0.000728864,0.295515657,0.000728864,0.000728872,0.000728864,0.066070789,0.000728864,0.549786387,0.000728867
0.502268949,0.070161452,0.001298706,0.001298703,0.071272472,0.001298714,0.127139123,0.001298706,0.217469657,0.001298703,0.001298702,0.001298704,0.001298704,0.001298705
0.027670115,0.111484437,0.001488099,0.001488104,0.0014881,0.001488099,0.001488099,0.001488099,0.051939556,0.02861419,0.001488103,0.001488097,0.766898805,0.001488098
0.001930503,0.001930504,0.001930513,0.001930503,0.757011698,0.001930507,0.001930504,0.001930508,0.001930503,0.219822193,0.001930525,0.001930526,0.001930506,0.001930507
0.002164507,0.431210469,0.067307469,0.002164514,0.002164512,0.00216451,0.002164511,0.477672456,0.00216452,0.002164508,0.002164504,0.002164502,0.002164508,0.002164509
0.122827846,0.001400566,0.131561603,0.001400564,0.001400566,0.319013026,0.229827862,0.001400568,0.184164586,0.001400566,0.001400561,0.00140056,0.001400562,0.001400564
0.002645503,0.002645503,0.002645513,0.002645503,0.002645505,0.002645515,0.002645507,0.002645504,0.002645505,0.002645516,0.859169103,0.002645503,0.109084814,0.002645505
0.003401361,0.003401361,0.003401361,0.003401361,0.055254122,0.003401362,0.003401361,0.003401362,0.003401361,0.003401361,0.903929546,0.003401361,0.003401362,0.003401361
0.003401361,0.003401361,0.003401361,0.003401361,0.003401366,0.003401362,0.003401361,0.003401362,0.003401362,0.003401361,0.955782299,0.003401362,0.003401362,0.003401361
0.00216453,0.002164514,0.218598001,0.002164514,0.002164506,0.002164504,0.348171321,0.364515196,0.002164508,0.002164505,0.002164505,0.002164505,0.002164507,0.047070383
0.275090245,0.000759884,0.039590077,0.00075988,0.000759882,0.00075988,0.082033855,0.031146531,0.000759888,0.00075988,0.00075988,0.00075988,0.00075988,0.565300359
0.000736381,0.598047449,0.000736381,0.000736382,0.000736379,0.31608811,0.000736379,0.00073638,0.046728634,0.00073638,0.000736378,0.000736378,0.031772007,0.000736381
0.099710292,0.002463059,0.002463061,0.002463058,0.341201505,0.002463059,0.002463067,0.002463062,0.002463065,0.097880419,0.002463056,0.002463065,0.00246306,0.43657717
0.001587304,0.001587311,0.572429457,0.001587308,0.001587309,0.001587309,0.001587306,0.001587309,0.384823956,0.001587307,0.025286205,0.001587304,0.001587308,0.001587309
0.196283742,0.000840339,0.015997508,0.000840338,0.000840341,0.000840342,0.247455471,0.00084034,0.000840339,0.000840342,0.00084034,0.000840336,0.221472227,0.311227993
0.000276857,0.287880119,0.078511494,0.000276856,0.115789658,0.331371129,0.039235541,0.000276856,0.000276857,0.000276855,0.000276855,0.000276855,0.000276856,0.144997212
0.001428574,0.001428576,0.001428576,0.001428575,0.166995465,0.001428575,0.42995364,0.205491656,0.001428577,0.104412112,0.001428576,0.00142858,0.08028994,0.001428577
0.000355368,0.771034769,0.000355367,0.015966038,0.000355367,0.200495948,0.008949572,0.000355367,0.000355369,0.000355367,0.000355366,0.000355367,0.000355368,0.000355368
0.001519761,0.001519766,0.001519764,0.001519759,0.07906711,0.410146508,0.001519769,0.133598718,0.001519759,0.153626449,0.00151976,0.001519761,0.001519761,0.209883355
0.09200317,0.005102048,0.005102042,0.005102042,0.005102047,0.005102065,0.005102093,0.005102043,0.005102061,0.005102041,0.005102073,0.846772192,0.005102042,0.005102041
0.001373634,0.001373632,0.001373635,0.001373638,0.001373629,0.001373629,0.001373631,0.001373637,0.001373638,0.001373632,0.98214277,0.001373629,0.001373631,0.001373633
0.153182437,0.029720668,0.064773516,0.001275517,0.739568223,0.001275515,0.001275516,0.001275514,0.001275515,0.00127552,0.001275513,0.00127551,0.001275516,0.001275519
0.001373627,0.001373629,0.001373631,0.001373632,0.001373628,0.001373633,0.383597412,0.001373628,0.48728156,0.053054592,0.001373628,0.062330138,0.00137363,0.001373631
0.001831504,0.001831505,0.001831504,0.001831503,0.652185338,0.001831511,0.001831505,0.162801508,0.00183152,0.001831504,0.001831507,0.164866581,0.001831505,0.001831506
0.00134771,0.00134771,0.001347711,0.001347712,0.308353475,0.675473991,0.00134771,0.001347713,0.001347713,0.001347711,0.00134771,0.00134771,0.001347713,0.001347712
0.000927648,0.071574155,0.000927649,0.502984198,0.000927651,0.000927647,0.000927652,0.000927653,0.361542638,0.054622522,0.000927647,0.000927646,0.000927646,0.000927649
0.000721503,0.129986615,0.000721503,0.000721502,0.000721503,0.263591835,0.01943608,0.000721503,0.579770437,0.000721502,0.000721507,0.000721502,0.000721503,0.000721505
0.000728864,0.000728867,0.000728863,0.000728865,0.000728865,0.051471086,0.000728864,0.000728865,0.899760951,0.000728865,0.030537501,0.010941811,0.000728867,0.000728864
0.002463056,0.002463066,0.002463065,0.002463072,0.002463072,0.81967997,0.002463069,0.150763264,0.002463068,0.002463056,0.00246306,0.002463061,0.002463062,0.002463058
0.039540078,0.48853663,0.008425787,0.000268531,0.00026853,0.016699148,0.050197397,0.038558363,0.356162888,0.000268529,0.000268529,0.000268529,0.000268532,0.00026853
0.001879701,0.032757404,0.0018797,0.001879704,0.001879703,0.619012478,0.001879701,0.001879702,0.327553381,0.001879702,0.001879709,0.0018797,0.001879714,0.0018797
0.003401362,0.003401365,0.408873618,0.052080002,0.003401374,0.003401396,0.003401366,0.003401378,0.003401367,0.39411235,0.003401417,0.003401362,0.00340138,0.110920263
0.02693608,0.880583382,0.045022187,0.015595935,0.000250628,0.000250628,0.000250628,0.000250628,0.011505121,0.004647563,0.000250627,0.000250627,0.000250628,0.013955339
0.001066103,0.178931044,0.001066104,0.001066105,0.001066102,0.189027281,0.30213686,0.143301675,0.06009686,0.001066101,0.117977467,0.001066098,0.0010661,0.001066101
0.000190477,0.531840709,0.000190477,0.034102189,0.007372539,0.000190477,0.024967507,0.000190477,0.354847329,0.000190478,0.009044639,0.00303469,0.000190477,0.033647534
0.001785725,0.001785716,0.00178572,0.001785716,0.165330116,0.12072976,0.001785724,0.282178539,0.00178573,0.001785715,0.271953759,0.001785743,0.001785719,0.143736317
0.005952381,0.005952381,0.005952381,0.005952382,0.005952436,0.005952391,0.005952413,0.005952381,0.005952384,0.005952381,0.131527464,0.79704386,0.005952382,0.005952382
0.118288978,0.001400581,0.123718077,0.001400569,0.186421657,0.07401363,0.001400572,0.001400569,0.001400573,0.001400569,0.151255797,0.001400563,0.001400571,0.335097294
0.001428575,0.001428573,0.001428573,0.001428574,0.001428574,0.001428575,0.001428573,0.001428573,0.001428603,0.001428574,0.001428578,0.001428573,0.981428506,0.001428575
0.002857143,0.002857144,0.002857143,0.002857143,0.002857147,0.002857144,0.002857143,0.002857156,0.002857144,0.002857144,0.962857118,0.002857145,0.002857144,0.002857143
0.027506692,0.156172533,0.072061487,0.000336929,0.111361363,0.036244468,0.089312058,0.000336929,0.000336929,0.125557584,0.000336929,0.000336927,0.000336928,0.379762244
0.000626568,0.00062657,0.000626568,0.00062657,0.19810414,0.73507448,0.059929123,0.00062657,0.00062657,0.000626568,0.00062657,0.000626568,0.000626569,0.000626568
0.954628218,0.001275517,0.001275512,0.001275512,0.001275513,0.001275511,0.030065635,0.001275516,0.00127551,0.001275511,0.00127551,0.001275512,0.001275512,0.001275511
0.005494522,0.005494514,0.091986306,0.087423318,0.005494543,0.00549454,0.005494543,0.268856737,0.005494518,0.00549452,0.005494516,0.143878423,0.00549451,0.358404493
0.041962933,0.006378188,0.000274728,0.000274727,0.346417059,0.029133213,0.018425332,0.154646969,0.000274726,0.013111452,0.000274726,0.000274727,0.000274726,0.388276492
0.002857145,0.002857146,0.002857147,0.002857148,0.002857144,0.962857019,0.002857149,0.002857157,0.002857185,0.002857145,0.002857158,0.002857143,0.002857156,0.002857157
0.002100843,0.002100844,0.002100851,0.002100841,0.628889486,0.345900338,0.002100864,0.002100851,0.002100848,0.002100851,0.002100848,0.002100848,0.002100844,0.002100843
0.006780601,0.522184487,0.00035894,0.045548831,0.00035894,0.000358939,0.000358939,0.00035894,0.042982043,0.00035894,0.006297442,0.000358938,0.373335078,0.00035894
0.001457728,0.001457731,0.001457733,0.001457731,0.001457736,0.001457736,0.547581581,0.00145774,0.00145776,0.001457729,0.222599126,0.001457726,0.001457728,0.213784214
0.001231532,0.001231533,0.001231533,0.001231536,0.06336847,0.161310995,0.048047099,0.547758579,0.001231534,0.001231531,0.112518877,0.057143719,0.001231531,0.001231531
0.001661132,0.001661136,0.268848204,0.001661135,0.001661135,0.00166113,0.064666394,0.109289499,0.001661131,0.448676906,0.00166113,0.001661134,0.001661134,0.0935688
0.000802575,0.861938885,0.000802571,0.000802571,0.000802569,0.000802569,0.00080257,0.000802569,0.000802569,0.000802569,0.000802568,0.000802569,0.128430274,0.000802571
0.003105593,0.003105612,0.0031056,0.003105602,0.003105594,0.003105611,0.003105595,0.003105594,0.003105596,0.608706997,0.003105591,0.229979689,0.003105598,0.127151728
0.001152076,0.00115208,0.207372801,0.186371025,0.001152081,0.001152083,0.172044813,0.001152081,0.001152082,0.001152077,0.001152077,0.422690567,0.001152077,0.001152081
0.112821826,0.000686817,0.000686818,0.1757373,0.000686815,0.000686816,0.164443964,0.303822423,0.000686816,0.166133789,0.013707805,0.05852518,0.000686815,0.000686816
0.025664835,0.001253144,0.001253137,0.001253136,0.194243804,0.001253136,0.646571688,0.00125314,0.080069767,0.001253137,0.042171666,0.001253133,0.001253137,0.001253138
0.002232145,0.002232155,0.579761036,0.002232146,0.002232144,0.002232147,0.036406538,0.00223215,0.002232146,0.321518479,0.002232143,0.002232145,0.002232161,0.039992465
0.122417472,0.003401363,0.003401367,0.003401361,0.003401371,0.003401378,0.177893035,0.003401365,0.003401367,0.003401372,0.003401394,0.662274429,0.003401362,0.003401363
0.809640124,0.173216966,0.001428575,0.00142858,0.001428576,0.001428576,0.001428579,0.001428578,0.001428573,0.001428573,0.001428571,0.001428575,0.001428575,0.001428578
0.001831508,0.001831508,0.001831509,0.107984819,0.284699621,0.001831507,0.379678616,0.001831511,0.001831517,0.001831509,0.001831504,0.20932184,0.001831519,0.001831511
0.00170068,0.001700681,0.00170068,0.00170068,0.001700683,0.001700687,0.001700682,0.001700682,0.00170069,0.001700681,0.977891133,0.001700681,0.001700681,0.001700681
0.302520456,0.001661133,0.001661139,0.001661133,0.001661138,0.001661137,0.162285626,0.24319174,0.001661133,0.244909208,0.001661134,0.001661131,0.032142757,0.001661135
0.086623152,0.000892861,0.451447498,0.01816059,0.125781203,0.084494471,0.000892861,0.000892861,0.168085423,0.000892859,0.00089286,0.000892858,0.059157636,0.000892867
0.001700681,0.001700682,0.001700686,0.001700683,0.001700684,0.97789108,0.001700681,0.001700684,0.001700714,0.001700685,0.001700688,0.00170068,0.001700685,0.001700687
0.084727259,0.005494573,0.005494506,0.005494519,0.005494523,0.005494533,0.005494507,0.068172839,0.091420275,0.005494506,0.005494548,0.609741568,0.005494514,0.09648733
0.03383717,0.71838087,0.032072137,0.000213859,0.000213859,0.016518222,0.074274062,0.000213859,0.000213859,0.005658374,0.000213858,0.000213858,0.068771291,0.049204721
0.033017079,0.001298709,0.001298708,0.001298708,0.001298712,0.00129871,0.325197351,0.221289581,0.308843792,0.001298704,0.001298711,0.070208309,0.031054216,0.001298711
0.31575326,0.003571432,0.00357143,0.00357143,0.003571436,0.003571449,0.003571451,0.00357143,0.003571435,0.003571431,0.003571487,0.641389468,0.003571431,0.003571431
0.001253134,0.001253135,0.092025535,0.001253134,0.200805499,0.693384468,0.001253136,0.001253138,0.001253144,0.001253134,0.001253137,0.001253134,0.001253135,0.001253137
0.043700299,0.002551025,0.056843689,0.002551024,0.002551037,0.002551021,0.002551026,0.002551048,0.002551021,0.655605261,0.002551021,0.002551021,0.002551023,0.218340485
0.001322758,0.118883138,0.001322755,0.089979062,0.001322754,0.00132276,0.516159084,0.001322761,0.001322757,0.001322755,0.001322752,0.001322762,0.001322753,0.26175115
0.399046618,0.148276133,0.000821027,0.035762392,0.117956793,0.000821027,0.019469842,0.143133544,0.000821022,0.000821027,0.000821031,0.000821018,0.000821025,0.130607499
0.204360271,0.000759884,0.513888082,0.043125888,0.000759881,0.000759883,0.024991374,0.000759883,0.083730723,0.055510148,0.000759883,0.000759879,0.000759884,0.069074337
0.11761643,0.001984134,0.001984131,0.001984128,0.858573963,0.001984134,0.001984132,0.001984131,0.001984151,0.001984129,0.00198414,0.001984127,0.001984133,0.001984137
0.001373629,0.389064258,0.026102865,0.001373628,0.001373628,0.001373627,0.406007018,0.025211547,0.001373629,0.001373628,0.001373627,0.141251656,0.001373628,0.001373631
0.00031056,0.00031056,0.00031056,0.075526298,0.000310562,0.040314856,0.055260861,0.000310561,0.077888596,0.00031056,0.04493049,0.00031056,0.392493655,0.311411321
0.001984128,0.001984128,0.001984129,0.001984127,0.066324994,0.001984128,0.001984128,0.001984129,0.001984129,0.001984127,0.909865471,0.001984128,0.001984127,0.001984127
0.001785722,0.001785722,0.099392337,0.001785728,0.68567488,0.001785729,0.001785722,0.001785723,0.001785745,0.00178572,0.00178573,0.195289787,0.001785733,0.001785723
0.176691983,0.001742168,0.001742166,0.001742164,0.367623806,0.00174217,0.001742168,0.001742174,0.436520373,0.001742164,0.001742166,0.00174217,0.001742163,0.001742164
0.000978475,0.000978476,0.000978477,0.070524295,0.000978483,0.000978476,0.000978478,0.000978482,0.313949838,0.039398284,0.000978474,0.000978474,0.46948598,0.097835307
0.000529102,0.000529104,0.042098912,0.266692314,0.000529103,0.000529105,0.167626341,0.033243232,0.000529103,0.047045316,0.000529102,0.000529105,0.047123467,0.392466693
0.001298704,0.728595943,0.027104931,0.00129871,0.001298705,0.001298711,0.065558345,0.001298703,0.082494452,0.001298703,0.001298701,0.001298702,0.084557977,0.001298713
0.001785731,0.001785723,0.001785718,0.001785721,0.00178572,0.098160293,0.633441373,0.082353172,0.031711578,0.001785721,0.001785718,0.138262089,0.001785724,0.001785719
0.000776402,0.041072319,0.000776402,0.0007764,0.0007764,0.000776401,0.000776403,0.020656837,0.929730433,0.000776398,0.000776398,0.0007764,0.000776406,0.000776401
0.001587305,0.001587311,0.001587308,0.03192006,0.001587308,0.839968722,0.030344609,0.001587304,0.081893542,0.001587305,0.001587305,0.001587303,0.001587309,0.001587308
0.00050302,0.458675979,0.00050302,0.000503019,0.00050302,0.115543633,0.000503022,0.000503019,0.000503019,0.048163142,0.000503019,0.000503018,0.00050302,0.372587048
0.001322754,0.245490402,0.001322753,0.001322756,0.54429472,0.17547069,0.001322757,0.001322757,0.001322763,0.001322756,0.021516618,0.001322761,0.001322753,0.001322761
0.001275512,0.10276291,0.001275521,0.001275517,0.629794925,0.001275517,0.017603933,0.237083064,0.001275517,0.001275512,0.001275517,0.001275512,0.001275519,0.001275524
0.001253136,0.897553511,0.001253143,0.00125314,0.001253141,0.0874088,0.00125315,0.00125316,0.001253141,0.001253138,0.001253133,0.001253134,0.001253138,0.001253134
0.002232143,0.002232144,0.002232143,0.002232144,0.361796655,0.002232146,0.002232143,0.002232144,0.002232154,0.13337397,0.002232149,0.480275772,0.002232145,0.002232147
0.002164504,0.00216451,0.002164542,0.043954021,0.002164506,0.002164512,0.532945852,0.399290495,0.002164506,0.002164518,0.002164504,0.002164513,0.00216451,0.002164509
0.003246756,0.00324676,0.003246763,0.003246755,0.141406996,0.003246758,0.003246776,0.003246777,0.003246761,0.003246802,0.003246767,0.57867715,0.244201425,0.003246755
0.006113273,0.663464954,0.000280114,0.000280114,0.000280113,0.263299681,0.064320959,0.000280113,0.000280115,0.000280113,0.000280113,0.000280112,0.000280113,0.000280114
0.007142857,0.007142864,0.108058942,0.007142859,0.21602465,0.007142861,0.00714286,0.007142885,0.007142878,0.007142857,0.007142957,0.597344805,0.007142868,0.007142857
0.002976191,0.002976191,0.002976192,0.00297619,0.002976194,0.002976192,0.002976191,0.002976195,0.002976193,0.002976191,0.877218737,0.002976191,0.002976192,0.087066959
0.000978477,0.000978476,0.000978479,0.000978476,0.000978476,0.475317883,0.000978476,0.000978475,0.126431513,0.000978476,0.000978476,0.000978474,0.387487367,0.000978476
0.075483058,0.001322761,0.180506789,0.622454322,0.00132276,0.001322753,0.083187576,0.001322755,0.001322757,0.026463449,0.001322752,0.001322752,0.001322757,0.00132276
0.000637761,0.174077284,0.000637757,0.718131919,0.000637758,0.000637759,0.000637758,0.000637759,0.100775449,0.000637757,0.000637764,0.000637756,0.000637759,0.000637759
0.001373627,0.001373636,0.001373642,0.001373628,0.001373636,0.001373636,0.001373628,0.027297628,0.02530109,0.00137363,0.93229133,0.001373629,0.001373628,0.001373632
0.325333766,0.214419741,0.00050302,0.000503027,0.308512357,0.011786253,0.113186765,0.000503022,0.000503023,0.00050302,0.000503021,0.000503018,0.000503022,0.022736946
0.003401364,0.003401368,0.003401361,0.003401361,0.003401368,0.003401362,0.069671674,0.003401365,0.003401361,0.003401361,0.889511968,0.003401363,0.003401361,0.003401365
0.001519757,0.001519763,0.001519758,0.001519758,0.001519758,0.001519792,0.001519775,0.858746523,0.123016297,0.001519757,0.001519763,0.001519757,0.001519775,0.001519767
0.0018797,0.0018797,0.001879704,0.0018797,0.001879717,0.0018797,0.0018797,0.001879705,0.001879704,0.001879699,0.713731177,0.263712394,0.0018797,0.001879699
0.000881836,0.029114394,0.132067706,0.000881839,0.000881838,0.000881837,0.040504669,0.287868937,0.47016854,0.033221049,0.000881836,0.000881836,0.00088184,0.000881844
0.021611459,0.001006045,0.001006039,0.284907398,0.001006039,0.001006042,0.00100604,0.157137318,0.075742993,0.001006038,0.001006037,0.001006037,0.451546474,0.001006041
0.007142859,0.007142859,0.007142857,0.007142858,0.007142899,0.007142863,0.007142858,0.007142858,0.007142861,0.007142857,0.173280151,0.53526391,0.007142859,0.212884453
0.001190477,0.00119048,0.00119048,0.067018986,0.001190482,0.001190481,0.001190477,0.001190485,0.001190482,0.001190477,0.001190482,0.001190477,0.695681424,0.224204309
0.001066102,0.001066102,0.968362399,0.0010661,0.001066113,0.001066105,0.001066102,0.001066109,0.001066102,0.001066103,0.001066101,0.018844349,0.001066106,0.001066106
0.002976193,0.002976196,0.002976192,0.254154159,0.002976206,0.002976197,0.002976194,0.002976195,0.0029762,0.002976191,0.002976195,0.083850951,0.354778702,0.277454228
0.001428572,0.001428571,0.001428572,0.001428571,0.001428572,0.001428572,0.001428572,0.001428573,0.001428572,0.001428572,0.981428564,0.001428572,0.001428573,0.001428572
0.001623379,0.001623384,0.001623386,0.266250138,0.001623383,0.401351317,0.001623392,0.001623389,0.060526496,0.255638208,0.001623383,0.001623378,0.001623387,0.001623381
0.000811691,0.000811695,0.177123947,0.041788161,0.000811692,0.000811695,0.435888721,0.000811692,0.337082247,0.00081169,0.00081169,0.000811698,0.000811691,0.000811691
0.003105593,0.003105597,0.003105594,0.003105598,0.428824191,0.003105599,0.003105599,0.08823945,0.003105598,0.056883509,0.003105603,0.39499688,0.003105594,0.003105595
0.072219485,0.000840342,0.000840339,0.074229567,0.000840339,0.090492923,0.00084034,0.262313235,0.212896184,0.029803689,0.181429531,0.000840338,0.00084034,0.071573349
0.00510205,0.005102059,0.005102045,0.00510205,0.005102053,0.005102047,0.005102055,0.384962746,0.553812558,0.005102048,0.005102053,0.005102084,0.005102075,0.005102076
0.001984128,0.001984128,0.001984128,0.001984129,0.001984133,0.001984131,0.001984143,0.207609659,0.00198413,0.001984135,0.768580769,0.001984131,0.001984128,0.001984127
0.001210656,0.212946737,0.001210655,0.654726421,0.001210655,0.001210655,0.001210657,0.001210655,0.020196911,0.001210656,0.001210654,0.001210656,0.001210659,0.100023373
0.001253137,0.11528171,0.001253137,0.001253136,0.343767238,0.258901626,0.00125314,0.001253142,0.186861521,0.083909665,0.001253138,0.001253134,0.001253135,0.001253142
0.000479388,0.564917582,0.239149861,0.000479389,0.000479388,0.00047939,0.028481614,0.000479388,0.085365691,0.000479387,0.00047939,0.000479387,0.056770522,0.021479623
0.003246754,0.003246754,0.003246762,0.003246754,0.184969701,0.003246771,0.003246756,0.003246778,0.003246759,0.00324676,0.679358346,0.09995758,0.003246756,0.00324677
0.001552795,0.001552798,0.104379321,0.02425903,0.47788972,0.001552799,0.001552798,0.069484818,0.001552802,0.310011905,0.001552813,0.001552797,0.0015528,0.001552802
0.001322755,0.001322761,0.748007827,0.001322757,0.001322763,0.001322755,0.034853197,0.113401827,0.044202197,0.001322755,0.001322753,0.001322757,0.001322755,0.047630142
0.000871082,0.025459838,0.000871081,0.069132481,0.000871082,0.000871083,0.000871081,0.000871084,0.339803352,0.000871082,0.072970521,0.000871081,0.484794071,0.000871081
0.002551021,0.002551023,0.130567838,0.002551022,0.61480361,0.002551027,0.002551023,0.002551032,0.002551025,0.002551026,0.002551036,0.002551032,0.002551025,0.226567262
0.033099515,0.044640321,0.10995044,0.000643506,0.000643507,0.013208398,0.000643505,0.120285834,0.466698712,0.000643502,0.084403414,0.020468958,0.054170233,0.050500154
0.000580723,0.751330785,0.000580722,0.064052078,0.000580724,0.000580722,0.000580723,0.000580723,0.000580722,0.000580722,0.000580722,0.000580722,0.17822919,0.000580722
0.001210656,0.001210658,0.001210658,0.00121066,0.001210665,0.086529154,0.07001975,0.537145927,0.001210661,0.001210659,0.294198578,0.001210655,0.001210659,0.001210661
0.000482629,0.407747321,0.000482629,0.068387568,0.000482628,0.000482628,0.391461718,0.000482628,0.035530147,0.000482627,0.000482628,0.000482626,0.092529595,0.000482628
0.222228358,0.003759402,0.003759399,0.0037594,0.003759406,0.00375942,0.003759454,0.0037594,0.003759405,0.003759399,0.003759438,0.732658718,0.0037594,0.003759401
0.001347721,0.204125045,0.258629857,0.001347717,0.001347724,0.180121816,0.343646099,0.001347716,0.001347725,0.00134772,0.001347717,0.001347711,0.001347712,0.001347721
0.000396828,0.078642292,0.000396828,0.000396827,0.000396827,0.604037388,0.148906045,0.000396827,0.000396827,0.000396828,0.000396826,0.000396826,0.008657052,0.156185779
0.051975313,0.001098904,0.278962639,0.001098903,0.194535303,0.172795034,0.001098905,0.272315872,0.001098908,0.001098905,0.001098903,0.020624601,0.001098903,0.001098908
0.001519757,0.001519763,0.001519758,0.001519758,0.001519758,0.001519792,0.001519775,0.858587057,0.123175763,0.001519757,0.001519763,0.001519757,0.001519775,0.001519767
0.001552798,0.096859839,0.001552797,0.001552799,0.001552799,0.001552806,0.001552796,0.001552798,0.779553235,0.001552801,0.001552802,0.001552796,0.106506134,0.001552801
0.008675911,0.250945823,0.014094928,0.00031888,0.000318879,0.032975679,0.000318879,0.010665453,0.607371285,0.000318879,0.013061467,0.000318879,0.000318878,0.06029618
0.011335995,0.087951322,0.000489238,0.000489239,0.024476888,0.034534917,0.031197973,0.381446907,0.253842032,0.000489246,0.055710311,0.032577335,0.00048924,0.084969355
0.003571429,0.003571429,0.003571429,0.003571429,0.003571434,0.00357143,0.003571429,0.00357143,0.00357143,0.003571429,0.90260264,0.00357143,0.054540206,0.003571429
0.000871087,0.000871127,0.000871082,0.000871124,0.000871088,0.000871082,0.000871095,0.080111168,0.000871087,0.000871088,0.909435698,0.000871081,0.000871093,0.000871101
0.002100842,0.215702905,0.759086937,0.002100846,0.002100852,0.002100848,0.002100852,0.002100851,0.002100842,0.002100852,0.00210084,0.002100842,0.002100842,0.00210085
0.001347716,0.138662385,0.001347712,0.808714576,0.037798193,0.001347713,0.001347712,0.00134771,0.001347716,0.00134771,0.001347716,0.001347709,0.001347714,0.001347718
0.002040817,0.002040819,0.002040819,0.002040827,0.002040823,0.973469312,0.002040821,0.002040827,0.002040827,0.00204082,0.002040821,0.002040822,0.00204082,0.002040825
0.001400564,0.001400562,0.001400561,0.001400562,0.001400565,0.001400562,0.001400563,0.001400563,0.001400562,0.001400561,0.936263924,0.00140056,0.046929329,0.001400561
0.002100846,0.002100847,0.002100846,0.002100848,0.485384676,0.36107904,0.002100856,0.130426974,0.002100845,0.002100845,0.002100843,0.002100845,0.002100843,0.002100846
0.027807174,0.001373635,0.00137363,0.001373633,0.296061101,0.52464488,0.069052551,0.037879574,0.001373631,0.001373627,0.001373629,0.001373627,0.03356568,0.001373627
0.281902067,0.398039378,0.000686814,0.109167566,0.000686824,0.000686816,0.000686815,0.000686815,0.000686815,0.000686814,0.000686824,0.000686813,0.000686815,0.204022823
0.00059032,0.520339225,0.000590322,0.046561954,0.000590323,0.000590321,0.000590322,0.049862962,0.027608707,0.033671066,0.000590321,0.000590322,0.317233511,0.000590323
0.050395403,0.262689492,0.001050422,0.141671107,0.001050422,0.001050421,0.001050427,0.001050423,0.001050424,0.001050421,0.001050421,0.00105042,0.53473977,0.001050429
0.000324677,0.462060924,0.000324677,0.000324677,0.000324677,0.191980534,0.17575832,0.000324678,0.000324678,0.000324676,0.000324676,0.000324677,0.000324676,0.166953454
0.001322752,0.001322753,0.754355873,0.001322758,0.00132276,0.00132276,0.229771041,0.00132276,0.001322763,0.001322754,0.001322762,0.001322751,0.001322758,0.001322757
0.002463057,0.00246306,0.002463056,0.002463059,0.512423271,0.002463059,0.002463061,0.002463063,0.002463064,0.002463064,0.002463074,0.458019995,0.00246306,0.002463057
0.073156247,0.033110585,0.000571433,0.000571431,0.023536172,0.052527223,0.000571435,0.000571434,0.500380344,0.167626116,0.019054021,0.00057143,0.088639352,0.039112777
0.042128912,0.002747265,0.087405252,0.002747259,0.334079985,0.002747285,0.002747286,0.002747268,0.002747269,0.002747259,0.00274726,0.508913185,0.00274726,0.002747254
0.051535529,0.091821631,0.000793654,0.076788904,0.000793654,0.000793653,0.161930471,0.000793654,0.124023259,0.000793653,0.024857087,0.000793654,0.2735413,0.190739897
0.002164505,0.002164508,0.00216451,0.002164509,0.529719872,0.002164523,0.002164512,0.002164522,0.002164507,0.13560677,0.002164506,0.310863719,0.00216452,0.002164515
0.000358939,0.218556189,0.000358938,0.000358938,0.000358938,0.000358939,0.000358938,0.000358938,0.74948512,0.000358938,0.028010368,0.000358938,0.000358939,0.000358939
0.006493507,0.006493521,0.006493532,0.006493516,0.222215346,0.00649351,0.006493518,0.00649353,0.006493521,0.006493507,0.006493564,0.699862409,0.00649351,0.00649351
0.002976195,0.00297621,0.604476952,0.002976203,0.002976199,0.002976203,0.07189894,0.002976194,0.290885918,0.002976204,0.00297619,0.00297619,0.002976194,0.002976209
0.836492052,0.001488097,0.001488105,0.049251565,0.0014881,0.001488097,0.065163251,0.0014881,0.034212141,0.001488102,0.001488097,0.001488096,0.0014881,0.001488096
0.003759399,0.0037594,0.003759402,0.003759399,0.003759404,0.003759399,0.003759398,0.003759419,0.003759403,0.003759398,0.834095755,0.120791423,0.003759401,0.003759399
0.00134771,0.107913034,0.00134771,0.001347711,0.464507018,0.312344552,0.001347711,0.001347712,0.058202237,0.001347711,0.001347735,0.044903735,0.001347713,0.001347712
0.067745457,0.001190485,0.307047322,0.001190486,0.001190483,0.001190481,0.001190481,0.215873712,0.001190483,0.159126858,0.001190484,0.001190477,0.001190482,0.239492309
0.044212866,0.466812822,0.330154571,0.000751883,0.000751884,0.000751884,0.000751885,0.000751885,0.000751888,0.06951131,0.000751882,0.000751881,0.082541476,0.000751884
0.000649351,0.000649353,0.000649351,0.000649351,0.000649351,0.000649352,0.000649351,0.000649352,0.398561548,0.000649357,0.000649351,0.076256487,0.000649355,0.518039088
0.001930502,0.001930503,0.001930504,0.10814313,0.001930506,0.001930506,0.001930506,0.001930503,0.868690818,0.001930505,0.001930502,0.001930503,0.001930508,0.001930504
0.00204082,0.00204082,0.097506413,0.002040822,0.002040821,0.002040822,0.116209429,0.00204082,0.477411631,0.002040838,0.002040817,0.002040817,0.288464308,0.002040822
0.000314664,0.040575213,0.000314664,0.052484842,0.013473048,0.000314664,0.000314665,0.000314664,0.362602599,0.000314664,0.004870364,0.000314664,0.523476621,0.000314665
0.004761907,0.004761917,0.046663192,0.004761908,0.204902621,0.004761965,0.004761924,0.004761931,0.004761943,0.004761907,0.610781796,0.090033118,0.004761919,0.004761952
0.001457728,0.00145773,0.001457729,0.092119693,0.035150039,0.85669525,0.001457728,0.001457728,0.001457732,0.001457727,0.001457729,0.001457728,0.001457731,0.001457728
0.00134771,0.001347714,0.514150028,0.001347712,0.001347722,0.001347716,0.001347715,0.001347719,0.001347722,0.469677385,0.001347719,0.001347711,0.001347715,0.001347714
0.001623378,0.042993454,0.001623383,0.001623387,0.001623382,0.001623381,0.001623388,0.001623385,0.201866882,0.00162338,0.001623379,0.001623377,0.737282462,0.001623381
0.001170962,0.001170965,0.001170965,0.001170965,0.02894456,0.001170965,0.001170968,0.001170965,0.001170963,0.685951687,0.001170963,0.001170961,0.001170965,0.272223146
0.552061928,0.095124484,0.001742175,0.106820689,0.001742165,0.00174218,0.001742166,0.157738996,0.001742161,0.001742163,0.001742161,0.072574406,0.001742164,0.001742161
0.001210659,0.205433892,0.00121066,0.00121066,0.001210657,0.221169081,0.293990192,0.191069129,0.001210663,0.001210656,0.077441785,0.001210654,0.001210656,0.001210657
0.002645516,0.002645512,0.002645512,0.113471676,0.002645503,0.138633776,0.066179495,0.364790176,0.002645508,0.002645511,0.002645504,0.293115295,0.002645507,0.00264551
0.001984132,0.513526134,0.001984138,0.001984144,0.00198414,0.104487071,0.101904227,0.158773519,0.001984132,0.103451829,0.001984129,0.001984131,0.001984139,0.001984136
0.050260541,0.002976195,0.103666658,0.002976191,0.002976214,0.090199874,0.500221233,0.002976221,0.002976212,0.095420367,0.002976191,0.136421716,0.002976195,0.002976193
0.000553713,0.270470195,0.000553711,0.000553712,0.000553713,0.3664182,0.000553712,0.000553713,0.304307614,0.000553711,0.053266871,0.000553711,0.000553712,0.000553712
0.001742163,0.001742164,0.001742169,0.039239854,0.313776138,0.001742165,0.001742166,0.567326224,0.001742165,0.062236139,0.001742161,0.001742162,0.001742163,0.001742167
