0,1,2,3,4,5,6,7,8,9,10,11,12,13,14
0.326301619,0.026141967,0.373253268,0.001388892,0.001388892,0.001388892,0.001388891,0.001388891,0.186969766,0.001388891,0.001388891,0.001388894,0.042831901,0.032001448,0.001388896
0.00059524,0.000595239,0.263005104,0.408612519,0.018249228,0.100894573,0.000595239,0.000595239,0.027718606,0.06406675,0.000595239,0.063347794,0.000595239,0.049938753,0.000595239
0.000276626,0.000276626,0.000276626,0.259314063,0.000276626,0.487196621,0.000276626,0.022013282,0.072665253,0.000276626,0.000276626,0.118430397,0.037890751,0.000276626,0.000276626
0.001360547,0.001360548,0.001360546,0.001360546,0.001360548,0.001360545,0.001360548,0.001360561,0.901265292,0.001360546,0.001360545,0.081047593,0.001360544,0.001360545,0.001360545
0.437615992,0.527316817,0.001234569,0.001234569,0.001234569,0.001234571,0.001234569,0.001234572,0.001234571,0.001234569,0.001234568,0.00123457,0.001234569,0.001234568,0.020252357
0.001960787,0.001960786,0.212141985,0.00196079,0.092613977,0.195049804,0.001960785,0.001960788,0.001960789,0.446734768,0.001960787,0.001960789,0.033851586,0.001960786,0.001960794
0.000352734,0.000352734,0.000352734,0.582503573,0.000352735,0.000352734,0.006859103,0.276382269,0.048997276,0.000352734,0.000352734,0.081730436,0.000352734,0.000352735,0.000352734
0.238459773,0.001666669,0.001666668,0.001666669,0.001666668,0.001666668,0.001666668,0.001666668,0.001666668,0.001666668,0.739873537,0.001666669,0.001666667,0.001666667,0.001666674
0.197991578,0.000242425,0.104991,0.000242425,0.049976213,0.00072994,0.000242425,0.000242425,0.068107397,0.000242425,0.019183912,0.534547358,0.000242425,0.000242424,0.022775628
0.001282056,0.001282052,0.001282053,0.001282057,0.001282056,0.001282053,0.797219034,0.162895499,0.001282055,0.001282054,0.001282051,0.001282053,0.024500822,0.001282054,0.001282051
0.081653585,0.001169594,0.217052765,0.117894564,0.001169593,0.095583135,0.308427173,0.001169594,0.103745816,0.001169593,0.001169591,0.001169595,0.001169593,0.066286217,0.001169591
0.001149428,0.001149428,0.001149427,0.001149426,0.001149427,0.001149428,0.001149426,0.001149427,0.14056604,0.001149427,0.111985095,0.733655739,0.00114943,0.001149426,0.001149426
0.001515153,0.001515152,0.001515152,0.670782982,0.1233867,0.029867372,0.001515152,0.001515152,0.001515154,0.084910364,0.001515152,0.001515153,0.001515152,0.075901058,0.001515153
0.000356507,0.130740561,0.550640857,0.000356507,0.06656989,0.042173053,0.000356507,0.000356507,0.000356507,0.034011044,0.000356507,0.053142332,0.119870207,0.000356507,0.000356507
0.000600602,0.000600601,0.000600601,0.238097184,0.085397445,0.000600601,0.000600601,0.400923415,0.000600602,0.015355744,0.000600601,0.099783459,0.000600601,0.15503734,0.000600601
0.330404102,0.151743948,0.001709402,0.169902093,0.13847361,0.001709403,0.001709402,0.001709402,0.160295525,0.001709402,0.001709402,0.001709402,0.001709402,0.033796102,0.001709402
0.001418441,0.001418441,0.518443049,0.00141844,0.225088809,0.030571422,0.042914834,0.00141844,0.001418441,0.168797472,0.001418444,0.001418441,0.00141844,0.00141844,0.001418445
0.004761907,0.004761907,0.00476191,0.004761905,0.004761905,0.004761911,0.004761906,0.004761905,0.004761907,0.004761905,0.933333299,0.004761907,0.004761915,0.004761905,0.004761905
0.00606061,0.006060607,0.00606061,0.006060621,0.006060607,0.006060611,0.006060648,0.006060606,0.006060607,0.098406926,0.822805106,0.006060607,0.006060622,0.006060606,0.006060606
0.106034508,0.000287357,0.008434086,0.169998129,0.067501339,0.000287357,0.268930213,0.148634991,0.174516393,0.038906911,0.000287357,0.000287357,0.000287357,0.015319288,0.000287357
0.011473138,0.020969871,0.115660953,0.00027894,0.529445972,0.038179852,0.014627112,0.19074746,0.018852176,0.000278941,0.00027894,0.008249405,0.00027894,0.024879526,0.025798772
0.05400697,0.000368325,0.000368325,0.000368325,0.024254029,0.000368325,0.124084378,0.398312676,0.3246928,0.000368325,0.000368325,0.000368325,0.000368325,0.071334224,0.000368324
0.001449277,0.001449277,0.285235544,0.001449277,0.534837972,0.134363503,0.001449278,0.001449277,0.001449277,0.001449279,0.001449276,0.001449278,0.001449278,0.029620925,0.001449282
0.001626022,0.729601044,0.001626019,0.040307432,0.001626019,0.001626017,0.001626019,0.001626018,0.001626019,0.210579303,0.001626017,0.001626019,0.001626019,0.001626017,0.001626016
0.001666671,0.001666669,0.540986199,0.001666668,0.001666667,0.001666667,0.001666671,0.333237423,0.001666668,0.001666672,0.001666678,0.001666668,0.028731967,0.00166667,0.078711041
0.147310057,0.732817411,0.001282052,0.001282054,0.001282052,0.001282052,0.030418176,0.001282052,0.001282052,0.07535178,0.001282054,0.001282052,0.001282051,0.001282052,0.001282051
0.001960789,0.001960789,0.001960789,0.001960787,0.001960788,0.001960786,0.001960788,0.15551656,0.095307629,0.725646367,0.001960785,0.001960788,0.001960785,0.001960785,0.001960786
0.004444445,0.004444444,0.004444449,0.004444444,0.004444444,0.004444445,0.004444445,0.004444446,0.004444444,0.004444444,0.004444445,0.004444445,0.804444512,0.137777687,0.004444459
0.001709402,0.001709402,0.001709404,0.001709404,0.001709402,0.313605064,0.134544594,0.001709403,0.001709402,0.001709403,0.001709404,0.001709404,0.001709402,0.001709402,0.53133751
0.001149426,0.001149428,0.001149425,0.065449777,0.001149426,0.001149426,0.001149426,0.040511678,0.37624476,0.366571778,0.001149428,0.001149426,0.001149425,0.139727743,0.001149426
0.001234569,0.001234569,0.420613809,0.001234569,0.001234569,0.00123457,0.001234568,0.001234569,0.001234569,0.001234569,0.001234569,0.563336796,0.001234568,0.001234568,0.00123457
0.002222224,0.324905216,0.002222226,0.002222226,0.002222223,0.002222227,0.002222223,0.002222224,0.002222223,0.095441279,0.002222223,0.552986811,0.002222228,0.002222223,0.002222223
0.001282053,0.001282052,0.001282051,0.001282054,0.284424079,0.001282052,0.001282053,0.001282052,0.698909244,0.001282052,0.001282051,0.001282052,0.001282051,0.001282052,0.001282052
0.023739909,0.013273245,0.069547618,0.000757576,0.623414308,0.000757578,0.019024751,0.027739679,0.000757577,0.070527175,0.000757576,0.054643384,0.000757577,0.023644027,0.07065802
0.145200333,0.001904764,0.243501357,0.243780573,0.001904762,0.001904762,0.278476333,0.069993772,0.001904764,0.001904763,0.001904762,0.001904763,0.001904765,0.001904763,0.001904765
0.061199385,0.001515153,0.409320426,0.150347341,0.001515157,0.001515158,0.001515154,0.253521308,0.044681953,0.001515154,0.067293177,0.001515156,0.001515154,0.001515167,0.001515158
0.288983396,0.052039961,0.001234569,0.538070845,0.001234569,0.078366959,0.001234569,0.00123457,0.001234569,0.001234569,0.001234568,0.001234569,0.001234568,0.03019315,0.001234569
0.421983478,0.421829933,0.000291121,0.000291121,0.000291122,0.000291121,0.000291121,0.000291121,0.152693133,0.000291121,0.000291121,0.000291121,0.000291121,0.000291121,0.000291122
0.09787663,0.001149426,0.001149426,0.001149429,0.001149427,0.001149426,0.001149429,0.001149427,0.001149429,0.887180814,0.001149434,0.001149426,0.001149425,0.001149427,0.001149426
0.786694828,0.206481019,0.000524935,0.000524935,0.000524935,0.000524935,0.000524935,0.000524935,0.000524936,0.000524935,0.000524935,0.000524935,0.000524935,0.000524935,0.000524934
0.001666668,0.001666674,0.001666668,0.001666668,0.001666668,0.131773897,0.001666667,0.00166667,0.001666667,0.001666668,0.103611426,0.150235176,0.596046145,0.00166667,0.001666667
0.092437253,0.000611622,0.042135977,0.000611623,0.000611624,0.000611623,0.17900885,0.000611623,0.664274324,0.000611622,0.000611622,0.000611623,0.016027372,0.000611622,0.000611622
0.001550389,0.001550389,0.41516825,0.001550388,0.527909,0.00155039,0.001550389,0.001550389,0.001550389,0.038318088,0.001550388,0.001550389,0.001550388,0.001550389,0.001550388
0.186476296,0.065589477,0.002298857,0.113063192,0.002298854,0.002298853,0.30918947,0.002298866,0.002298853,0.002298852,0.002298852,0.002298857,0.302693014,0.002298852,0.002298856
0.002083334,0.002083334,0.002083341,0.002083334,0.875701928,0.002083335,0.002083334,0.002083334,0.002083335,0.002083334,0.002083334,0.002083338,0.002083334,0.002083334,0.097214718
0.000716848,0.000716848,0.000716848,0.000716848,0.000716847,0.000716847,0.000716847,0.000716846,0.781891035,0.028931286,0.000716847,0.111854705,0.000716846,0.069437656,0.000716846
0.335772261,0.00130719,0.481887453,0.00130719,0.00130719,0.166653998,0.001307192,0.001307193,0.001307191,0.001307191,0.00130719,0.00130719,0.00130719,0.00130719,0.00130719
0.028167855,0.001587302,0.211098168,0.419125375,0.001587305,0.001587304,0.001587302,0.001587303,0.001587303,0.139131496,0.072698794,0.001587306,0.001587302,0.059058782,0.058021105
0.005555556,0.005555556,0.116768402,0.005555559,0.005555559,0.005555557,0.005555564,0.005555556,0.005555558,0.005555559,0.811009323,0.005555567,0.005555571,0.005555556,0.005555556
0.002564103,0.002564103,0.002564103,0.002564103,0.002564103,0.121560767,0.002564103,0.002564103,0.002564103,0.002564103,0.002564103,0.002564105,0.845105894,0.002564103,0.002564103
0.042117773,0.000399202,0.000399202,0.000399202,0.000399202,0.000399202,0.535690187,0.295880244,0.082756259,0.02374916,0.000399202,0.016213558,0.000399202,0.000399202,0.000399202
0.037957307,0.002020204,0.002020207,0.002020203,0.002020204,0.002020203,0.002020202,0.002020203,0.002020203,0.197460526,0.002020221,0.740339704,0.002020205,0.002020203,0.002020205
0.833113609,0.000900902,0.000900903,0.000900902,0.000900902,0.000900901,0.000900902,0.000900901,0.155174666,0.000900902,0.000900902,0.000900902,0.000900901,0.000900902,0.000900901
0.004761906,0.004761906,0.004761905,0.004761905,0.004761905,0.004761905,0.004761906,0.004761905,0.076696899,0.004761905,0.861398317,0.004761906,0.00476192,0.004761905,0.004761905
0.003333334,0.003333333,0.003333335,0.003333342,0.003333343,0.003333338,0.003333335,0.003333334,0.110656126,0.003333334,0.003333334,0.003333334,0.003333334,0.003333334,0.846010511
0.418191253,0.001149428,0.001149427,0.08428286,0.001149428,0.001149428,0.205759949,0.001149427,0.256248192,0.024023476,0.001149425,0.001149427,0.001149426,0.001149427,0.001149426
0.001449278,0.001449276,0.001449277,0.327158465,0.623598089,0.001449276,0.001449276,0.001449276,0.001449282,0.001449279,0.001449276,0.001449279,0.001449276,0.001449276,0.03185212
0.00555557,0.005555557,0.101662199,0.005555556,0.005555556,0.088995537,0.005555557,0.005555556,0.005555556,0.078305025,0.66992609,0.005555556,0.005555573,0.005555556,0.005555556
0.001709402,0.001709402,0.001709403,0.001709403,0.057766478,0.001709402,0.001709402,0.001709402,0.001709402,0.001709402,0.197171301,0.001709403,0.724549396,0.001709402,0.001709402
0.000490198,0.000490198,0.122860427,0.000490197,0.118380604,0.000490197,0.232975701,0.000490197,0.379842213,0.000490197,0.005172346,0.036824401,0.000490197,0.053649689,0.046863238
0.000680275,0.000680272,0.000680273,0.000680272,0.000680273,0.000680272,0.035583727,0.86319241,0.000680272,0.000680272,0.000680273,0.000680273,0.09306059,0.000680273,0.000680272
0.187824012,0.084439157,0.001212123,0.56591393,0.001212123,0.078588187,0.001212123,0.001212123,0.001212123,0.037089761,0.001212123,0.001212125,0.001212122,0.035235846,0.001212123
0.06487518,0.001388892,0.001388892,0.001388891,0.001388893,0.001388892,0.476533269,0.231266482,0.157114242,0.001388891,0.001388891,0.001388892,0.001388891,0.056321913,0.001388889
0.001801802,0.001801805,0.001801806,0.001801802,0.064143104,0.001801804,0.001801804,0.001801803,0.001801803,0.001801803,0.264475477,0.649759774,0.001801809,0.001801802,0.001801803
0.002020207,0.002020204,0.497818541,0.002020205,0.002020206,0.002020204,0.101913259,0.002020204,0.376025743,0.002020206,0.002020203,0.002020206,0.002020203,0.002020204,0.002020205
0.001307192,0.33659339,0.044254305,0.127484067,0.102212034,0.001307195,0.001307191,0.00130719,0.051536175,0.001307191,0.00130719,0.164008288,0.00130719,0.00130719,0.163454213
0.002469136,0.002469153,0.002469138,0.002469136,0.002469144,0.11446728,0.002469146,0.00246914,0.002469136,0.002469138,0.002469136,0.002469138,0.853433897,0.002469146,0.002469136
0.003174603,0.003174604,0.003174604,0.003174603,0.003174603,0.003174603,0.003174604,0.003174603,0.003174603,0.003174603,0.003174604,0.054303822,0.904426334,0.003174603,0.003174603
0.003174603,0.003174604,0.003174604,0.003174603,0.003174603,0.003174603,0.003174604,0.003174603,0.003174603,0.003174603,0.003174604,0.055207773,0.903522382,0.003174603,0.003174603
0.002020203,0.002020203,0.653160799,0.002020205,0.093681636,0.100782286,0.130153035,0.002020203,0.002020205,0.002020204,0.002020202,0.002020203,0.002020203,0.00202021,0.002020203
0.087047978,0.000709221,0.000709221,0.202744137,0.240256378,0.000709224,0.000709221,0.000709221,0.000709221,0.000709221,0.000709221,0.223698418,0.00070922,0.000709221,0.23916088
0.133331183,0.18476599,0.000687286,0.000687287,0.000687288,0.000687286,0.000687286,0.000687286,0.458971267,0.215371412,0.000687286,0.000687287,0.000687285,0.000687286,0.000687287
0.002298854,0.002298852,0.002298854,0.002298852,0.162366884,0.088417789,0.002298853,0.002298853,0.002298852,0.002298852,0.002298854,0.721629096,0.002298851,0.002298851,0.002298852
0.107870678,0.001481483,0.001481484,0.001481483,0.001481487,0.001481482,0.844433478,0.001481483,0.001481483,0.001481483,0.001481482,0.001481483,0.029918046,0.001481482,0.001481482
0.425799013,0.000784316,0.000784315,0.098323845,0.128714485,0.000784316,0.000784314,0.017033077,0.02599114,0.134784652,0.000784314,0.163079268,0.000784314,0.000784314,0.000784315
0.056137108,0.399240659,0.000258398,0.080928567,0.293138192,0.028690519,0.000258398,0.000258398,0.000258399,0.021154565,0.000258398,0.118643205,0.000258398,0.000258398,0.000258398
0.001333336,0.001333335,0.192505952,0.001333335,0.001333335,0.001333336,0.001333336,0.086694912,0.001333335,0.001333335,0.001333336,0.115155473,0.001333336,0.001333335,0.590976974
0.053510672,0.000331676,0.000331675,0.000331676,0.000331676,0.000331676,0.000331676,0.000331675,0.942177547,0.000331676,0.000331675,0.000331675,0.000331675,0.000331675,0.000331675
0.001418441,0.250153021,0.154979829,0.001418442,0.001418442,0.104773748,0.00141844,0.001418444,0.001418444,0.067509074,0.001418442,0.40839991,0.001418441,0.001418443,0.00141844
0.004761909,0.004761907,0.004761906,0.004761907,0.004761905,0.091302397,0.004761906,0.004761905,0.004761906,0.004761905,0.846792813,0.004761906,0.004761917,0.004761905,0.004761905
0.001282056,0.001282052,0.001282056,0.001282054,0.001282054,0.001282054,0.001282053,0.001282054,0.001282054,0.001282054,0.001282052,0.001282053,0.982051247,0.001282054,0.001282055
0.20570817,0.001190478,0.001190478,0.00119048,0.10517689,0.001190479,0.001190477,0.001190477,0.001190478,0.001190478,0.001190477,0.604406436,0.001190478,0.001190478,0.071613247
0.4341334,0.001282053,0.549199916,0.001282052,0.001282052,0.001282052,0.001282053,0.001282053,0.001282053,0.001282052,0.001282051,0.001282052,0.001282052,0.001282057,0.001282052
0.001709408,0.001709404,0.001709405,0.145487357,0.001709403,0.001709403,0.001709405,0.001709403,0.001709403,0.001709402,0.255090076,0.578909719,0.001709404,0.001709404,0.001709402
0.026784068,0.729594509,0.001257863,0.063167907,0.001257862,0.001257862,0.001257863,0.001257863,0.001257862,0.001257862,0.001257862,0.166617027,0.001257862,0.001257865,0.001257862
0.338648679,0.000865802,0.000865803,0.000865803,0.000865803,0.000865802,0.000865802,0.000865802,0.086530986,0.470002499,0.000865802,0.000865802,0.000865802,0.09529401,0.000865802
0.778548871,0.125750502,0.000673402,0.02842624,0.000673402,0.000673403,0.000673401,0.000673401,0.05986697,0.000673401,0.000673402,0.000673401,0.000673401,0.000673401,0.000673401
0.783878994,0.000680273,0.000680273,0.000680273,0.000680273,0.000680272,0.000680273,0.000680274,0.000680273,0.000680272,0.011341073,0.000680273,0.196616659,0.000680273,0.000680272
0.002298857,0.800197508,0.002298858,0.002298856,0.002298855,0.169917355,0.002298857,0.002298855,0.002298857,0.002298861,0.002298852,0.002298862,0.002298853,0.002298862,0.002298852
0.462534229,0.012534316,0.023307074,0.299143172,0.000250627,0.067004923,0.066164021,0.005570418,0.048044679,0.009471493,0.000250627,0.000250627,0.00497254,0.000250627,0.000250627
0.364859512,0.612333445,0.001754387,0.001754387,0.001754387,0.001754388,0.001754391,0.001754391,0.001754388,0.001754387,0.001754386,0.001754387,0.00175439,0.001754388,0.001754386
0.003174605,0.003174608,0.773337086,0.003174605,0.003174614,0.003174604,0.003174606,0.003174624,0.003174606,0.185393007,0.003174604,0.003174607,0.003174611,0.003174603,0.00317461
0.101999904,0.015576527,0.005793129,0.258599519,0.504341268,0.000233919,0.014202977,0.000233918,0.092361393,0.000233919,0.000233918,0.000233919,0.000233918,0.005487853,0.000233918
0.038291384,0.190609542,0.134142369,0.000995026,0.000995026,0.000995029,0.000995027,0.000995025,0.252281045,0.227614871,0.000995025,0.000995027,0.148105553,0.000995026,0.000995027
0.518162551,0.000177778,0.000177778,0.046292551,0.105087218,0.02787631,0.000177778,0.000177778,0.247629282,0.040604604,0.003025173,0.000177778,0.000177778,0.010077863,0.000177778
0.001666673,0.286207626,0.068224691,0.001666669,0.00166667,0.115774408,0.001666668,0.001666671,0.001666668,0.001666668,0.001666671,0.178610358,0.334516205,0.001666669,0.001666686
0.005555556,0.005555556,0.005555556,0.005555556,0.005555557,0.00555558,0.005555556,0.005555556,0.005555556,0.005555556,0.922222124,0.005555563,0.005555617,0.005555556,0.005555556
0.001307192,0.084993138,0.153794388,0.001307193,0.001307192,0.520992006,0.001307192,0.001307192,0.042367883,0.001307194,0.00130719,0.184780662,0.00130719,0.001307193,0.001307195
0.046915013,0.001333337,0.001333335,0.001333334,0.001333334,0.001333334,0.001333338,0.817545858,0.001333335,0.119539107,0.001333334,0.001333335,0.001333339,0.001333334,0.001333334
0.002666667,0.002666667,0.002666669,0.002666667,0.002666667,0.002666667,0.002666667,0.002666667,0.002666667,0.002666667,0.002666668,0.098721772,0.866611556,0.002666667,0.002666667
0.000314467,0.097642851,0.000314466,0.000314466,0.407416764,0.10659432,0.000314466,0.000314466,0.066778717,0.135681343,0.000314466,0.183055812,0.000314466,0.000314466,0.000314466
0.000584799,0.720490051,0.000584796,0.000584796,0.000584796,0.000584796,0.000584797,0.000584796,0.000584797,0.000584797,0.000584796,0.219572253,0.000584797,0.000584796,0.052920137
0.001190476,0.001190477,0.001190479,0.873128656,0.001190477,0.001190477,0.001190476,0.001190476,0.001190477,0.001190477,0.001190476,0.001190478,0.001190476,0.001190477,0.111395144
0.005128216,0.005128213,0.188386358,0.005128206,0.005128221,0.005128224,0.005128208,0.00512821,0.005128208,0.005128209,0.005128219,0.744946871,0.005128209,0.005128208,0.005128219
0.036503922,0.000256411,0.083641839,0.000256411,0.000256411,0.060203119,0.000256411,0.00976571,0.000256411,0.04443934,0.005254292,0.722755744,0.000256411,0.000256411,0.035641157
0.002666679,0.962666621,0.002666672,0.002666667,0.002666669,0.002666672,0.00266667,0.002666671,0.002666669,0.002666668,0.002666667,0.002666667,0.002666672,0.002666667,0.002666668
0.001960787,0.25836921,0.324924684,0.001960785,0.001960785,0.001960785,0.001960787,0.001960786,0.001960785,0.098920717,0.001960786,0.296216744,0.001960788,0.001960785,0.001960785
0.126954114,0.000335009,0.010141636,0.091288544,0.119639043,0.000335009,0.181701627,0.206755698,0.236007287,0.025166988,0.000335009,0.00033501,0.000335009,0.000335009,0.000335009
0.041882786,0.001360546,0.080555018,0.001360545,0.037443985,0.351316245,0.001360546,0.001360547,0.001360548,0.001360546,0.001360545,0.437389893,0.039167159,0.001360545,0.001360545
0.001149428,0.00114943,0.422543877,0.001149426,0.001149427,0.085350271,0.001149427,0.001149427,0.001149428,0.001149427,0.038200202,0.185888712,0.170024306,0.087647786,0.001149426
0.001550389,0.001550388,0.44369953,0.001550391,0.058273196,0.120648814,0.00155039,0.001550389,0.001550389,0.279256856,0.052780688,0.03138741,0.001550388,0.001550389,0.001550393
0.000749064,0.000749064,0.000749064,0.712537619,0.277724543,0.000749064,0.000749065,0.000749067,0.000749065,0.000749065,0.000749064,0.000749064,0.000749064,0.000749064,0.000749064
0.002898552,0.123888605,0.002898554,0.002898551,0.097726484,0.002898552,0.002898553,0.002898552,0.053533772,0.592656696,0.002898551,0.002898551,0.002898551,0.103208925,0.002898551
0.001075271,0.00107527,0.001075273,0.00107527,0.199674152,0.00107527,0.00107527,0.001075269,0.00107527,0.684744767,0.001075269,0.001075271,0.00107527,0.00107527,0.102677838
0.000641027,0.000641028,0.660963408,0.000641028,0.000641027,0.066263357,0.000641027,0.012399758,0.000641027,0.202730704,0.000641026,0.000641027,0.000641026,0.051232506,0.000641026
0.105467507,0.001169591,0.719916873,0.001169597,0.001169594,0.001169592,0.001169593,0.001169595,0.001169599,0.001169593,0.001169592,0.160580497,0.001169593,0.001169591,0.001169593
0.002083334,0.002083336,0.20476923,0.002083335,0.356409881,0.331152133,0.08475207,0.002083335,0.002083339,0.002083336,0.002083334,0.002083335,0.002083334,0.002083334,0.002083335
0.003174605,0.003174606,0.003174605,0.003174603,0.003174603,0.003174607,0.003174604,0.003174604,0.003174604,0.003174603,0.955555523,0.003174605,0.003174621,0.003174603,0.003174603
0.001333336,0.001333335,0.001333335,0.957026856,0.001333335,0.02563977,0.001333334,0.001333334,0.001333339,0.001333336,0.001333334,0.001333335,0.001333334,0.001333334,0.001333353
0.001709406,0.001709403,0.001709404,0.001709403,0.116892828,0.243847392,0.040157813,0.001709407,0.05353554,0.001709405,0.321756419,0.166685318,0.001709403,0.043449456,0.001709403
0.001587302,0.001587302,0.001587302,0.001587302,0.001587302,0.096025204,0.001587302,0.001587302,0.001587302,0.001587302,0.001587302,0.001587302,0.883339871,0.001587302,0.001587302
0.001550388,0.001550392,0.978294545,0.001550388,0.001550389,0.001550391,0.00155039,0.001550389,0.001550389,0.001550389,0.00155039,0.00155039,0.001550388,0.001550391,0.001550391
0.000833339,0.216279401,0.000833335,0.072890168,0.000833336,0.051866608,0.425775037,0.067986027,0.000833335,0.000833335,0.000833334,0.118534095,0.000833335,0.018433067,0.022402248
0.036007665,0.943357401,0.001587303,0.001587302,0.001587304,0.001587303,0.001587303,0.001587303,0.001587303,0.001587302,0.001587302,0.001587303,0.001587304,0.001587302,0.001587302
0.005128232,0.00512821,0.005128206,0.005128224,0.005128206,0.00512821,0.169964726,0.005128208,0.00512821,0.005128208,0.763368514,0.005128208,0.005128218,0.005128216,0.005128205
0.013256621,0.000199601,0.024253707,0.154622433,0.513243516,0.01472483,0.183184846,0.000199601,0.083548051,0.000199601,0.000199601,0.01176879,0.000199601,0.000199601,0.000199601
0.148675761,0.001212123,0.595974465,0.001212125,0.001212124,0.001212125,0.001212122,0.051211301,0.001212124,0.001212123,0.001212123,0.190805117,0.001212123,0.001212123,0.001212122
0.003333335,0.003333337,0.054503309,0.003333334,0.003333334,0.070047596,0.003333334,0.003333334,0.003333334,0.003333334,0.835449077,0.003333335,0.003333342,0.003333334,0.003333333
0.001169593,0.771052809,0.001169592,0.001169591,0.001169591,0.001169593,0.108236711,0.001169591,0.001169591,0.001169591,0.001169591,0.001169593,0.001169592,0.106675377,0.001169592
0.002380953,0.002380953,0.051731944,0.002380954,0.118708568,0.002380956,0.002380954,0.002380958,0.002380953,0.568509081,0.002380953,0.002380966,0.002380952,0.234859892,0.002380964
0.001234571,0.00123457,0.16805946,0.001234572,0.001234572,0.485663725,0.001234569,0.001234569,0.107109923,0.001234573,0.001234568,0.001234571,0.001234568,0.22558662,0.00123457
0.000766286,0.063095295,0.140358542,0.354087014,0.000766286,0.000766285,0.000766284,0.000766285,0.083293514,0.121090932,0.014559716,0.049329567,0.032761011,0.136826698,0.000766284
0.290149682,0.000709221,0.095200514,0.036708274,0.117124343,0.000709222,0.333451437,0.036013586,0.000709221,0.08567839,0.00070922,0.000709221,0.00070922,0.000709223,0.000709224
0.232643436,0.001851854,0.001851853,0.001851853,0.001851853,0.001851855,0.001851853,0.001851853,0.001851852,0.001851853,0.001851853,0.743282469,0.001851858,0.001851853,0.001851852
0.001282053,0.042581791,0.036140563,0.001282057,0.147014858,0.132271034,0.001282052,0.001282052,0.001282053,0.001282055,0.028872827,0.001282052,0.001282051,0.424827841,0.17803466
0.102660015,0.000289855,0.000289856,0.012840685,0.000289856,0.000289856,0.034581428,0.743855988,0.043536127,0.000289856,0.000289856,0.059917056,0.000289856,0.000289856,0.000289856
0.001851852,0.001851852,0.001851852,0.001851852,0.001851852,0.001851852,0.001851853,0.001851852,0.001851852,0.001851852,0.001851852,0.001851853,0.974074068,0.001851852,0.001851852
0.00166667,0.001666669,0.001666671,0.001666667,0.054221543,0.00166667,0.00166667,0.001666669,0.001666668,0.001666668,0.001666668,0.924111755,0.001666671,0.001666669,0.001666671
0.420481463,0.001626019,0.00162602,0.00162602,0.001626018,0.200579554,0.001626018,0.001626018,0.001626021,0.001626017,0.001626024,0.246503219,0.001626019,0.089338197,0.026837372
0.178749635,0.000913244,0.000913243,0.000913242,0.000913244,0.000913243,0.479494485,0.152358535,0.000913243,0.000913243,0.000913243,0.129474012,0.000913242,0.000913244,0.050790903
0.000493828,0.12331632,0.295238588,0.000493828,0.352298576,0.00049383,0.000493828,0.214990273,0.000493829,0.000493828,0.000493832,0.000493828,0.000493828,0.000493828,0.009217957
0.153109087,0.119420183,0.001212122,0.10138149,0.169950439,0.064734733,0.001212123,0.001212122,0.15355709,0.001212124,0.001212121,0.001212123,0.001212121,0.228150001,0.001212121
0.001666671,0.046722246,0.549573755,0.001666671,0.00166667,0.261757223,0.123613405,0.001666669,0.001666669,0.00166667,0.00166667,0.001666672,0.001666668,0.001666674,0.001666669
0.82742207,0.00072464,0.060027077,0.000724639,0.000724644,0.000724638,0.10385518,0.00072464,0.000724638,0.000724638,0.000724638,0.000724639,0.000724638,0.00072464,0.00072464
0.387875213,0.486431174,0.001481483,0.001481483,0.001481483,0.001481483,0.001481483,0.001481485,0.107915808,0.001481486,0.001481482,0.001481485,0.001481483,0.001481485,0.001481483
0.000469485,0.226824696,0.000469484,0.013411791,0.722446874,0.032152312,0.000469484,0.000469484,0.000469485,0.000469484,0.000469484,0.000469486,0.000469484,0.000469484,0.000469484
0.186943295,0.134180519,0.00123457,0.001234569,0.001234571,0.00123457,0.001234569,0.001234569,0.001234572,0.00123457,0.001234573,0.664061346,0.001234568,0.001234569,0.001234569
0.064023248,0.001190478,0.001190479,0.001190477,0.001190478,0.020291948,0.037565363,0.001190477,0.213809194,0.001190477,0.001190478,0.248656063,0.062326542,0.34380382,0.001190477
0.001169593,0.001169592,0.001169593,0.001169593,0.001169592,0.001169593,0.001169594,0.001169591,0.983625707,0.001169593,0.001169591,0.001169594,0.001169591,0.001169592,0.001169592
0.04575206,0.002083335,0.002083334,0.002083334,0.002083333,0.002083333,0.002083335,0.002083334,0.002083333,0.002083333,0.805775664,0.123472269,0.002083335,0.002083335,0.002083333
0.002020203,0.002020204,0.380778681,0.002020203,0.002020204,0.483854961,0.072438378,0.002020203,0.002020203,0.002020203,0.002020203,0.002020205,0.002020202,0.040705741,0.002020207
0.003030304,0.003030304,0.003030306,0.003030303,0.003030303,0.003030305,0.003030304,0.003030303,0.003030304,0.003030306,0.957575738,0.003030305,0.003030304,0.003030306,0.003030303
0.056760637,0.010785053,0.000261438,0.000261439,0.000261438,0.000261439,0.000261439,0.000261438,0.914908687,0.014669801,0.000261438,0.000261439,0.000261438,0.000261438,0.000261438
0.006666681,0.006666668,0.006666702,0.006666667,0.006666731,0.006666667,0.006666682,0.006666672,0.208712743,0.006666667,0.704620371,0.006666668,0.006666694,0.006666674,0.006666713
0.002777778,0.002777778,0.002777779,0.002777778,0.002777778,0.087198102,0.002777779,0.002777778,0.002777778,0.002777778,0.002777778,0.002777779,0.876690781,0.002777778,0.002777778
0.174580386,0.000913245,0.000913243,0.000913243,0.000913243,0.000913246,0.000913243,0.813547453,0.000913243,0.000913243,0.000913242,0.000913243,0.000913243,0.000913242,0.000913242
0.00123457,0.001234568,0.001234572,0.001234573,0.187659872,0.001234571,0.218892069,0.001234574,0.17675759,0.403110188,0.001234571,0.001234571,0.001234568,0.001234569,0.001234574
0.00059524,0.000595239,0.00059524,0.112564578,0.00059524,0.000595239,0.000595239,0.000595239,0.274708984,0.586476784,0.000595239,0.000595239,0.019702022,0.000595239,0.000595239
0.020535102,0.001282057,0.001282054,0.001282056,0.001282056,0.001282052,0.001282055,0.001282053,0.001282059,0.001282052,0.034258437,0.001282057,0.929821807,0.001282052,0.001282052
0.000469484,0.033018547,0.000469485,0.567165667,0.000469484,0.093359629,0.000469484,0.085084836,0.000469484,0.000469485,0.000469484,0.216676477,0.000469485,0.000469484,0.000469484
0.003174604,0.003174604,0.003174604,0.003174603,0.003174604,0.077375696,0.003174603,0.003174603,0.003174604,0.003174603,0.003174605,0.059161047,0.82536801,0.003174605,0.003174605
0.039191061,0.001418442,0.206513247,0.001418441,0.001418442,0.001418445,0.50376258,0.001418441,0.001418442,0.234930256,0.00141844,0.001418442,0.001418441,0.001418441,0.00141844
0.001754387,0.001754386,0.001754388,0.001754386,0.001754387,0.001754386,0.001754387,0.001754386,0.001754386,0.001754397,0.246277969,0.001754387,0.704477836,0.028191546,0.001754387
0.000823049,0.000823047,0.435202874,0.000823046,0.000823049,0.000823048,0.447035302,0.000823047,0.10788526,0.000823046,0.000823046,0.000823047,0.000823046,0.000823047,0.000823047
0.00093897,0.000938969,0.000938969,0.000938971,0.094257388,0.000938968,0.379581861,0.271039788,0.00093897,0.244792307,0.000938967,0.000938969,0.000938969,0.000938968,0.000938967
0.006666667,0.006666669,0.006666667,0.006666668,0.006666667,0.208230371,0.006666667,0.006666667,0.006666667,0.006666667,0.705102911,0.006666673,0.006666705,0.006666668,0.006666667
0.001111116,0.001111114,0.001111113,0.058050314,0.129664728,0.001111112,0.001111113,0.27945623,0.001111113,0.001111112,0.001111111,0.001111114,0.001111112,0.520606487,0.001111111
0.000995026,0.000995027,0.369316647,0.000995026,0.322375215,0.000995027,0.000995026,0.000995027,0.000995027,0.000995028,0.000995025,0.000995029,0.273565206,0.023797638,0.000995028
0.002777783,0.002777785,0.002777779,0.256721765,0.00277778,0.002777779,0.002777786,0.002777794,0.002777781,0.002777782,0.002777788,0.002777792,0.002777779,0.707167046,0.002777779
0.001333333,0.001333334,0.001333334,0.001333333,0.001333333,0.001333333,0.001333333,0.001333335,0.001333333,0.001333333,0.001333333,0.001333334,0.98133333,0.001333333,0.001333334
0.001515158,0.172497203,0.182914743,0.001515152,0.047889661,0.352728542,0.001515158,0.001515156,0.001515155,0.228818306,0.001515153,0.001515154,0.001515153,0.001515153,0.001515152
0.251990343,0.127481161,0.206198461,0.000757578,0.000757577,0.000757577,0.129925933,0.000757577,0.000757577,0.25870632,0.000757578,0.018879588,0.000757577,0.000757577,0.000757576
0.05055813,0.002898557,0.002898556,0.002898552,0.002898551,0.002898557,0.002898554,0.002898553,0.002898552,0.107787891,0.806871328,0.002898558,0.002898555,0.002898552,0.002898552
0.227944833,0.149253436,0.246344688,0.000784317,0.000784316,0.000784316,0.000784315,0.000784315,0.000784316,0.000784316,0.000784314,0.000784315,0.177954624,0.12655453,0.064889049
0.332805485,0.004761908,0.206147534,0.004761912,0.004761907,0.004761917,0.004761911,0.403904064,0.004761908,0.004761905,0.004761913,0.004761906,0.004761913,0.004761913,0.004761905
0.001851853,0.001851854,0.124289433,0.001851852,0.001851852,0.001851853,0.001851853,0.001851852,0.001851853,0.001851856,0.001851853,0.077302258,0.776186074,0.001851853,0.001851852
0.041533887,0.001129944,0.001129945,0.001129945,0.001129946,0.001129944,0.289065149,0.001129946,0.531180188,0.001129945,0.001129944,0.001129944,0.001129944,0.125791383,0.001129944
0.165064467,0.124660389,0.232965236,0.001169593,0.001169593,0.001169593,0.001169592,0.001169592,0.001169593,0.001169592,0.001169592,0.001169593,0.001169593,0.464444389,0.001169592
0.167033849,0.034447151,0.000447428,0.000447428,0.695583317,0.000447428,0.074390921,0.000447429,0.000447428,0.000447428,0.000447428,0.000447428,0.000447428,0.024070481,0.000447428
0.003030304,0.003030311,0.003030311,0.003030303,0.003030303,0.003030303,0.003030304,0.003030307,0.003030304,0.003030303,0.052680702,0.238960288,0.671995344,0.003030304,0.003030306
0.001449282,0.001449276,0.001449281,0.00144928,0.055917502,0.001449281,0.001449277,0.001449301,0.001449276,0.001449276,0.00144928,0.848458112,0.00144928,0.00144928,0.078233014
0.051671044,0.001234569,0.256838977,0.001234569,0.527711361,0.00123457,0.001234569,0.001234569,0.001234572,0.088921599,0.062511319,0.001234572,0.001234568,0.001234569,0.001234572
0.125583919,0.000813009,0.00081301,0.048364662,0.000813009,0.000813008,0.752887696,0.064220622,0.000813009,0.000813009,0.000813008,0.000813009,0.00081301,0.00081301,0.000813008
0.002380954,0.002380955,0.118018474,0.002380953,0.002380959,0.002380953,0.002380955,0.002380954,0.002380953,0.002380953,0.408497394,0.444912675,0.002380959,0.002380953,0.002380956
0.288370139,0.000600601,0.291079767,0.049845301,0.000600603,0.000600603,0.000600602,0.136026018,0.000600605,0.000600602,0.162766521,0.02023804,0.046869393,0.000600601,0.000600603
0.000542006,0.000542006,0.000542007,0.251699021,0.406245999,0.080642582,0.149018481,0.09686599,0.000542007,0.01064987,0.000542006,0.000542007,0.000542006,0.000542007,0.000542006
0.001129945,0.001129945,0.522733961,0.001129945,0.001129945,0.001129945,0.027210564,0.228210538,0.001129944,0.05094616,0.001129944,0.127156467,0.033572809,0.001129945,0.001129944
0.039513816,0.000450451,0.000450451,0.183137384,0.164790834,0.046574931,0.368286272,0.000450451,0.16972379,0.024369364,0.000450451,0.000450451,0.000450451,0.000450451,0.000450452
0.003508774,0.003508776,0.003508772,0.003508772,0.003508772,0.003508776,0.003508773,0.003508772,0.003508773,0.003508772,0.950877158,0.003508773,0.003508793,0.003508772,0.003508772
0.053524858,0.168405972,0.001257865,0.001257866,0.28799517,0.001257865,0.001257862,0.001257863,0.068440054,0.163405911,0.001257862,0.001257866,0.001257864,0.246907259,0.001257862
0.068086594,0.527689886,0.000370371,0.000370371,0.167935752,0.194227928,0.000370371,0.000370371,0.000370372,0.026596915,0.000370371,0.000370371,0.000370371,0.012129587,0.000370371
0.001025643,0.184396782,0.348416065,0.001025641,0.001025642,0.107158378,0.001025643,0.001025642,0.001025642,0.054858827,0.039542006,0.08728598,0.001025642,0.001025642,0.170136824
0.039198599,0.001418442,0.205588302,0.001418441,0.001418442,0.001418445,0.530753826,0.001418441,0.001418442,0.208856416,0.00141844,0.001418442,0.001418441,0.001418441,0.00141844
0.819135698,0.001449281,0.001449278,0.001449276,0.001449281,0.001449276,0.09132329,0.040929652,0.001449279,0.001449277,0.001449275,0.001449278,0.001449281,0.032669302,0.001449275
0.856854924,0.000297619,0.00029762,0.092413244,0.017241372,0.00029762,0.030216644,0.000297619,0.00029762,0.000297619,0.00029762,0.00029762,0.00029762,0.000297619,0.000297619
0.168738432,0.068996172,0.656357955,0.000456622,0.015739349,0.000456622,0.000456622,0.000456622,0.000456622,0.000456621,0.000456622,0.042812535,0.04324596,0.000456622,0.000456621
0.003333333,0.003333334,0.003333334,0.003333333,0.003333333,0.003333333,0.003333334,0.003333334,0.003333333,0.003333333,0.003333334,0.11479419,0.841872474,0.003333334,0.003333333
0.00081301,0.00081301,0.000813017,0.000813012,0.000813016,0.000813012,0.00081301,0.000813012,0.000813012,0.000813014,0.000813009,0.000813011,0.988617834,0.000813011,0.000813009
0.001960787,0.001960789,0.001960791,0.001960785,0.972548985,0.001960786,0.001960786,0.001960785,0.001960789,0.001960786,0.001960784,0.001960789,0.001960784,0.001960786,0.001960787
0.001257865,0.001257865,0.001257862,0.001257863,0.001257865,0.001257862,0.001257869,0.001257866,0.959193724,0.024453973,0.001257869,0.001257914,0.001257878,0.001257863,0.001257863
0.001904766,0.9733333,0.001904764,0.001904763,0.001904763,0.001904763,0.001904764,0.001904764,0.001904763,0.001904776,0.001904763,0.001904764,0.001904763,0.001904762,0.001904762
0.00130719,0.023870494,0.00130719,0.001307191,0.001307191,0.001307191,0.00130719,0.00130719,0.00130719,0.00130719,0.001307191,0.001307191,0.959136032,0.00130719,0.00130719
0.001960787,0.0489953,0.001960794,0.001960787,0.001960786,0.001960788,0.001960786,0.001960786,0.001960787,0.001960789,0.001960788,0.614015688,0.001960788,0.313459558,0.001960787
0.001282053,0.622272361,0.001282053,0.094092609,0.001282053,0.001282054,0.001282053,0.001282058,0.001282053,0.001282054,0.055654492,0.065651164,0.128337739,0.001282052,0.022453152
0.000641028,0.116432033,0.000641026,0.707402667,0.000641027,0.000641026,0.000641026,0.000641027,0.158435562,0.000641027,0.000641027,0.010678444,0.000641029,0.000641026,0.000641026
0.072925907,0.000550965,0.000550967,0.166866283,0.000550966,0.000550966,0.192155997,0.214217977,0.308757966,0.015812607,0.000550965,0.024855536,0.000550966,0.000550965,0.000550967
0.000980394,0.000980392,0.000980393,0.305279262,0.000980395,0.022743279,0.053537246,0.607655888,0.000980394,0.000980394,0.000980392,0.000980393,0.000980392,0.000980393,0.000980393
0.076336909,0.077544443,0.000303031,0.05428616,0.370969313,0.241223327,0.000303031,0.000303031,0.129911697,0.000303031,0.000303031,0.047303906,0.00030303,0.000303031,0.000303031
0.001234571,0.00123457,0.001234571,0.001234568,0.600007079,0.001234569,0.001234569,0.001234571,0.001234569,0.001234569,0.001234568,0.00123457,0.00123457,0.38394352,0.001234568
0.002298854,0.002298853,0.002298854,0.002298852,0.002298852,0.002298854,0.002298853,0.002298852,0.002298854,0.002298852,0.888283475,0.002298859,0.081831432,0.002298851,0.002298855
0.526327283,0.000533335,0.373485141,0.031054843,0.000533334,0.030441113,0.015511609,0.000533334,0.000533335,0.000533334,0.000533334,0.000533334,0.009746078,0.000533334,0.009167259
0.002564109,0.002564114,0.194392037,0.002564103,0.002564103,0.002564113,0.002564106,0.002564106,0.110135482,0.002564103,0.664703204,0.002564108,0.002564105,0.002564103,0.002564103
0.150516472,0.000740742,0.000740742,0.070669127,0.324521348,0.000740743,0.000740743,0.218127627,0.000740743,0.042259778,0.000740741,0.000740742,0.035778382,0.152201328,0.000740741
0.002020204,0.075270544,0.002020208,0.002020203,0.002020205,0.076157278,0.002020203,0.171794244,0.002020204,0.002020204,0.654555685,0.002020208,0.002020203,0.002020203,0.002020204
0.794566282,0.000335009,0.000335009,0.000335009,0.000335009,0.000335009,0.114013125,0.000335009,0.058999216,0.000335009,0.000335009,0.000335009,0.028736281,0.000335009,0.000335009
0.006060609,0.006060607,0.006060611,0.006060608,0.006060614,0.006060612,0.006060614,0.006060606,0.006060606,0.006060607,0.710155069,0.211056987,0.00606063,0.006060609,0.006060609
0.002777779,0.00277779,0.492389116,0.00277778,0.307756338,0.002777784,0.002777778,0.002777779,0.002777783,0.002777779,0.002777778,0.002777781,0.002777778,0.002777779,0.16652118
0.35385629,0.00138889,0.024945471,0.051302887,0.001388889,0.00138889,0.001388889,0.001388889,0.023877285,0.00138889,0.001388889,0.00138889,0.001388889,0.026205182,0.507312878
0.003508773,0.003508772,0.003508776,0.003508772,0.003508772,0.108770779,0.003508774,0.003508773,0.003508773,0.003508772,0.003508774,0.003508774,0.845615172,0.003508772,0.003508772
0.001257865,0.307621723,0.001257863,0.001257862,0.001257863,0.001257863,0.001257863,0.1205907,0.001257863,0.001257863,0.220512984,0.292351452,0.026398921,0.001257862,0.021203454
0.001111113,0.001111113,0.328048768,0.001111113,0.001111112,0.001111113,0.001111112,0.001111113,0.001111113,0.657506765,0.001111111,0.001111114,0.001111114,0.001111112,0.001111112
0.055501793,0.000701755,0.154156703,0.094731234,0.520989347,0.000701756,0.11938027,0.048924855,0.000701756,0.000701755,0.000701755,0.000701756,0.000701755,0.000701755,0.000701755
